Position MGI Austria West (EPSG 31254)	44223 RW; 225490 HW
Position WGS 84 (EPSG 4326)           	10°54'58" Ost; 47°10'0" Nord
Azimut	Nah-Horizont	Fern-Horizont	Total
0.00	58.58	20.34	58.58
1.00	60.05	20.33	60.05
2.00	60.04	20.33	60.04
3.00	61.25	20.31	61.25
4.00	62.19	20.29	62.19
5.00	62.16	20.27	62.16
6.00	62.74	20.23	62.74
7.00	63.03	20.20	63.03
8.00	63.41	29.85	63.41
9.00	63.35	29.79	63.35
10.00	63.72	53.45	63.72
11.00	63.65	53.36	63.65
12.00	66.24	53.26	66.24
13.00	67.53	53.15	67.53
14.00	67.45	53.04	67.45
15.00	68.95	60.15	68.95
16.00	71.33	60.03	71.33
17.00	71.24	59.90	71.24
18.00	72.64	59.76	72.64
19.00	72.54	59.62	72.54
20.00	72.44	59.46	72.44
21.00	72.33	59.30	72.33
22.00	73.15	59.12	73.15
23.00	76.37	58.94	76.37
24.00	76.27	58.75	76.27
25.00	76.16	58.54	76.16
26.00	76.06	58.33	76.06
27.00	76.36	68.73	76.36
28.00	76.23	68.55	76.23
29.00	76.10	68.37	76.10
30.00	75.97	68.17	75.97
31.00	76.00	67.97	76.00
32.00	75.86	67.76	75.86
33.00	75.70	67.53	75.70
34.00	75.54	67.30	75.54
35.00	75.38	67.05	75.38
36.00	75.50	66.79	75.50
37.00	75.74	70.32	75.74
38.00	75.55	70.07	75.55
39.00	76.03	69.82	76.03
40.00	76.14	69.55	76.14
41.00	76.24	69.27	76.24
42.00	76.69	68.97	76.69
43.00	76.83	68.67	76.83
44.00	76.62	68.34	76.62
45.00	76.75	68.00	76.75
46.00	76.77	68.34	76.77
47.00	76.98	68.67	76.98
48.00	77.23	68.97	77.23
49.00	77.41	69.27	77.41
50.00	77.73	69.55	77.73
51.00	77.90	69.82	77.90
52.00	78.11	70.07	78.11
53.00	78.27	70.32	78.27
54.00	78.37	72.94	78.37
55.00	78.51	73.14	78.51
56.00	78.62	73.33	78.62
57.00	78.75	73.51	78.75
58.00	78.87	73.68	78.87
59.00	78.86	73.85	78.86
60.00	78.85	74.00	78.85
61.00	78.96	74.15	78.96
62.00	78.99	74.30	78.99
63.00	79.09	74.43	79.09
64.00	79.20	74.56	79.20
65.00	79.28	74.68	79.28
66.00	79.39	74.80	79.39
67.00	79.46	74.91	79.46
68.00	79.54	75.01	79.54
69.00	79.66	75.11	79.66
70.00	79.73	75.20	79.73
71.00	79.79	75.29	79.79
72.00	79.49	75.37	79.49
73.00	79.55	75.45	79.55
74.00	79.96	75.52	79.96
75.00	80.01	75.59	80.01
76.00	80.05	73.76	80.05
77.00	80.03	73.83	80.03
78.00	80.07	73.89	80.07
79.00	80.10	73.94	80.10
80.00	79.77	73.99	79.77
81.00	79.67	74.03	79.67
82.00	79.69	74.07	79.69
83.00	79.72	74.11	79.72
84.00	79.74	74.14	79.74
85.00	79.76	74.16	79.76
86.00	79.68	74.18	79.68
87.00	79.69	74.20	79.69
88.00	79.70	74.21	79.70
89.00	79.60	74.22	79.60
90.00	79.61	74.22	79.61
91.00	79.60	74.22	79.60
92.00	79.48	74.21	79.48
93.00	79.47	74.20	79.47
94.00	79.46	74.18	79.46
95.00	79.36	74.16	79.36
96.00	79.35	74.14	79.35
97.00	79.33	74.11	79.33
98.00	78.55	74.07	78.55
99.00	78.45	74.03	78.45
100.00	78.42	73.99	78.42
101.00	78.38	73.94	78.38
102.00	78.33	73.89	78.33
103.00	78.29	73.83	78.29
104.00	78.24	73.76	78.24
105.00	78.10	71.46	78.10
106.00	78.05	71.38	78.05
107.00	77.81	71.29	77.81
108.00	78.05	71.19	78.05
109.00	77.97	71.09	77.97
110.00	77.51	70.98	77.51
111.00	77.44	70.87	77.44
112.00	77.32	70.74	77.32
113.00	77.27	70.61	77.27
114.00	77.18	70.48	77.18
115.00	77.11	70.33	77.11
116.00	77.02	70.18	77.02
117.00	76.90	70.02	76.90
118.00	76.78	69.86	76.78
119.00	76.20	69.68	76.20
120.00	76.08	69.49	76.08
121.00	75.65	69.30	75.65
122.00	75.48	69.10	75.48
123.00	75.80	68.88	75.80
124.00	75.43	68.66	75.43
125.00	74.78	68.42	74.78
126.00	74.44	68.18	74.44
127.00	74.01	62.79	74.01
128.00	73.80	62.48	73.80
129.00	73.16	62.16	73.16
130.00	72.61	61.81	72.61
131.00	71.38	61.46	71.38
132.00	70.86	61.08	70.86
133.00	70.62	60.69	70.62
134.00	70.35	60.29	70.35
135.00	69.49	59.86	69.49
136.00	68.73	60.29	68.73
137.00	67.95	60.69	67.95
138.00	67.01	61.08	67.01
139.00	66.28	61.46	66.28
140.00	65.72	61.81	65.72
141.00	65.51	62.16	65.51
142.00	64.47	62.48	64.47
143.00	63.53	62.79	63.53
144.00	62.85	46.28	62.85
145.00	61.46	45.71	61.46
146.00	61.23	44.75	61.23
147.00	61.24	44.16	61.24
148.00	60.03	42.96	60.03
149.00	59.64	42.58	59.64
150.00	57.69	40.36	57.69
151.00	55.78	39.58	55.78
152.00	54.83	39.86	54.83
153.00	49.10	40.11	49.10
154.00	45.65	33.65	45.65
155.00	39.70	30.98	39.70
156.00	33.87	27.45	33.87
157.00	29.22	25.28	29.22
158.00	28.77	24.23	28.77
159.00	23.81	22.69	23.81
160.00	20.95	20.10	20.95
161.00	12.09	17.67	17.67
162.00	9.02	15.64	15.64
163.00	6.45	15.04	15.04
164.00	5.28	14.03	14.03
165.00	4.67	13.47	13.47
166.00	3.84	9.88	9.88
167.00	3.67	8.33	8.33
168.00	2.51	6.98	6.98
169.00	0.00	6.31	6.31
170.00	0.74	6.18	6.18
171.00	2.38	6.75	6.75
172.00	2.89	7.79	7.79
173.00	2.34	8.49	8.49
174.00	0.00	8.27	8.27
175.00	0.00	7.97	7.97
176.00	0.00	8.39	8.39
177.00	0.00	8.63	8.63
178.00	0.00	9.10	9.10
179.00	0.00	9.05	9.05
180.00	0.00	9.30	9.30
181.00	0.32	9.78	9.78
182.00	0.11	10.14	10.14
183.00	1.21	10.72	10.72
184.00	0.43	11.21	11.21
185.00	2.36	11.73	11.73
186.00	2.90	11.89	11.89
187.00	2.39	12.13	12.13
188.00	0.40	12.71	12.71
189.00	1.48	13.18	13.18
190.00	1.92	13.75	13.75
191.00	1.80	14.34	14.34
192.00	0.45	15.10	15.10
193.00	2.19	15.56	15.56
194.00	4.69	15.47	15.47
195.00	5.27	14.98	14.98
196.00	5.21	14.42	14.42
197.00	4.66	13.72	13.72
198.00	2.81	12.63	12.63
199.00	0.63	12.13	12.13
200.00	0.61	11.76	11.76
201.00	0.49	12.09	12.09
202.00	0.31	11.98	11.98
203.00	0.00	12.41	12.41
204.00	0.00	13.18	13.18
205.00	0.00	14.28	14.28
206.00	0.00	14.97	14.97
207.00	0.00	15.72	15.72
208.00	0.00	16.47	16.47
209.00	0.00	16.91	16.91
210.00	0.00	17.02	17.02
211.00	0.00	16.90	16.90
212.00	0.00	16.94	16.94
213.00	0.00	16.64	16.64
214.00	0.00	16.51	16.51
215.00	0.00	17.09	17.09
216.00	0.00	17.62	17.62
217.00	0.00	18.00	18.00
218.00	0.00	18.42	18.42
219.00	0.00	19.23	19.23
220.00	0.00	19.84	19.84
221.00	0.00	20.12	20.12
222.00	0.00	20.20	20.20
223.00	0.00	20.58	20.58
224.00	0.00	20.86	20.86
225.00	0.00	21.24	21.24
226.00	0.00	21.58	21.58
227.00	0.00	21.97	21.97
228.00	0.00	22.51	22.51
229.00	0.00	22.73	22.73
230.00	0.00	23.06	23.06
231.00	0.00	23.22	23.22
232.00	0.00	22.95	22.95
233.00	0.00	22.98	22.98
234.00	0.00	23.10	23.10
235.00	0.00	23.45	23.45
236.00	0.00	23.68	23.68
237.00	0.00	23.70	23.70
238.00	0.00	23.87	23.87
239.00	0.00	24.05	24.05
240.00	0.00	24.41	24.41
241.00	0.00	24.66	24.66
242.00	0.00	25.03	25.03
243.00	0.00	25.70	25.70
244.00	0.00	25.40	25.40
245.00	0.00	25.76	25.76
246.00	0.00	26.15	26.15
247.00	0.00	26.37	26.37
248.00	0.00	26.58	26.58
249.00	0.00	26.88	26.88
250.00	0.00	27.05	27.05
251.00	0.00	26.60	26.60
252.00	0.00	26.99	26.99
253.00	0.00	26.80	26.80
254.00	0.00	26.89	26.89
255.00	0.00	26.95	26.95
256.00	0.00	26.64	26.64
257.00	0.00	26.31	26.31
258.00	0.00	26.10	26.10
259.00	0.00	25.63	25.63
260.00	0.00	25.41	25.41
261.00	0.00	25.40	25.40
262.00	0.00	25.34	25.34
263.00	0.00	25.12	25.12
264.00	0.00	24.89	24.89
265.00	0.00	24.41	24.41
266.00	0.00	24.26	24.26
267.00	0.00	24.10	24.10
268.00	0.00	23.56	23.56
269.00	0.00	23.35	23.35
270.00	0.00	23.09	23.09
271.00	0.00	22.90	22.90
272.00	0.00	22.71	22.71
273.00	0.00	22.72	22.72
274.00	0.00	22.78	22.78
275.00	0.00	22.82	22.82
276.00	0.00	22.82	22.82
277.00	0.00	22.85	22.85
278.00	0.00	22.99	22.99
279.00	0.00	23.18	23.18
280.00	0.00	23.64	23.64
281.00	0.00	23.74	23.74
282.00	0.00	23.68	23.68
283.00	0.00	23.63	23.63
284.00	0.00	23.22	23.22
285.00	0.00	22.91	22.91
286.00	0.00	22.66	22.66
287.00	0.00	22.89	22.89
288.00	0.00	23.09	23.09
289.00	0.00	23.16	23.16
290.00	0.00	23.63	23.63
291.00	0.00	23.49	23.49
292.00	0.00	23.25	23.25
293.00	0.00	22.68	22.68
294.00	0.00	22.29	22.29
295.00	0.00	22.55	22.55
296.00	0.00	22.85	22.85
297.00	0.00	23.11	23.11
298.00	0.00	22.94	22.94
299.00	0.00	22.80	22.80
300.00	0.00	22.82	22.82
301.00	0.00	22.52	22.52
302.00	0.00	21.79	21.79
303.00	0.00	21.59	21.59
304.00	0.32	21.38	21.38
305.00	0.31	21.23	21.23
306.00	0.18	20.77	20.77
307.00	0.00	20.61	20.61
308.00	0.00	20.40	20.40
309.00	0.00	20.11	20.11
310.00	0.00	19.90	19.90
311.00	0.00	19.41	19.41
312.00	0.00	18.92	18.92
313.00	0.00	18.28	18.28
314.00	0.00	17.48	17.48
315.00	0.00	16.46	16.46
316.00	0.72	15.52	15.52
317.00	0.92	14.77	14.77
318.00	1.08	13.55	13.55
319.00	1.15	13.04	13.04
320.00	1.17	12.34	12.34
321.00	1.16	9.88	9.88
322.00	1.19	8.97	8.97
323.00	1.21	8.29	8.29
324.00	0.98	7.84	7.84
325.00	0.81	7.22	7.22
326.00	0.82	6.57	6.57
327.00	0.00	6.19	6.19
328.00	0.00	5.44	5.44
329.00	0.00	4.81	4.81
330.00	0.00	4.60	4.60
331.00	0.00	4.43	4.43
332.00	0.00	4.25	4.25
333.00	0.00	4.18	4.18
334.00	0.00	4.51	4.51
335.00	0.27	4.84	4.84
336.00	0.12	5.06	5.06
337.00	0.24	5.22	5.22
338.00	0.40	5.30	5.30
339.00	0.49	5.34	5.34
340.00	3.16	5.52	5.52
341.00	4.78	5.27	5.27
342.00	7.49	5.23	7.49
343.00	12.44	5.26	12.44
344.00	12.74	5.42	12.74
345.00	17.60	5.62	17.60
346.00	24.51	5.79	24.51
347.00	25.70	6.00	25.70
348.00	26.64	6.36	26.64
349.00	26.71	6.63	26.71
350.00	32.47	6.64	32.47
351.00	34.81	20.11	34.81
352.00	34.88	20.15	34.88
353.00	35.71	20.20	35.71
354.00	36.61	20.23	36.61
355.00	37.26	20.27	37.26
356.00	42.06	20.29	42.06
357.00	44.83	20.31	44.83
358.00	55.83	20.32	55.83
359.00	55.84	20.33	55.84
