Position MGI Austria West (EPSG 31254)	71748 RW; 237062 HW
Position WGS 84 (EPSG 4326)           	11°16'52" Ost; 47°16'6" Nord
Azimut	Nah-Horizont	Fern-Horizont	Total
0.00	49.05	50.35	50.35
1.00	49.54	50.35	50.35
2.00	52.64	51.49	52.64
3.00	54.27	54.38	54.38
4.00	54.46	54.35	54.46
5.00	55.34	54.32	55.34
6.00	55.78	54.27	55.78
7.00	56.26	54.22	56.26
8.00	56.98	55.15	56.98
9.00	57.23	56.03	57.23
10.00	57.62	57.33	57.62
11.00	57.55	57.25	57.55
12.00	57.81	57.16	57.81
13.00	57.63	57.05	57.63
14.00	57.61	56.94	57.61
15.00	57.07	56.83	57.07
16.00	57.71	57.32	57.71
17.00	58.77	57.19	58.77
18.00	58.90	57.57	58.90
19.00	59.35	57.43	59.35
20.00	59.39	57.31	59.39
21.00	59.69	57.14	59.69
22.00	59.71	58.30	59.71
23.00	59.97	58.11	59.97
24.00	59.92	59.63	59.92
25.00	60.26	59.44	60.26
26.00	60.21	59.23	60.21
27.00	60.07	60.54	60.54
28.00	60.08	60.32	60.32
29.00	60.07	60.08	60.08
30.00	59.57	59.84	59.84
31.00	59.86	59.58	59.86
32.00	59.80	59.31	59.80
33.00	60.02	59.30	60.02
34.00	59.52	59.01	59.52
35.00	61.14	58.70	61.14
36.00	59.14	58.39	59.14
37.00	61.49	59.42	61.49
38.00	64.22	59.09	64.22
39.00	63.72	58.74	63.72
40.00	63.74	58.37	63.74
41.00	60.25	57.99	60.25
42.00	63.40	60.04	63.40
43.00	63.31	59.64	63.31
44.00	64.68	59.23	64.68
45.00	62.38	58.79	62.38
46.00	60.43	59.23	60.43
47.00	60.70	59.64	60.70
48.00	59.77	60.04	60.04
49.00	59.56	58.59	59.56
50.00	59.16	58.96	59.16
51.00	59.15	59.34	59.34
52.00	58.82	59.68	59.68
53.00	58.84	60.01	60.01
54.00	58.44	58.89	58.89
55.00	58.18	59.20	59.20
56.00	57.68	57.34	57.68
57.00	57.59	57.64	57.64
58.00	57.26	57.80	57.80
59.00	56.87	58.08	58.08
60.00	56.38	55.21	56.38
61.00	55.65	55.47	55.65
62.00	55.08	55.73	55.73
63.00	54.61	55.97	55.97
64.00	54.69	53.24	54.69
65.00	54.36	53.47	54.36
66.00	53.46	53.69	53.69
67.00	52.30	53.89	53.89
68.00	52.33	53.44	53.44
69.00	50.59	53.63	53.63
70.00	50.03	53.80	53.80
71.00	48.91	50.85	50.85
72.00	48.28	51.01	51.01
73.00	47.16	45.49	47.16
74.00	45.25	45.63	45.63
75.00	45.53	45.77	45.77
76.00	44.55	44.54	44.55
77.00	43.64	44.66	44.66
78.00	44.17	42.73	44.17
79.00	43.97	42.83	43.97
80.00	43.31	42.92	43.31
81.00	41.91	40.07	41.91
82.00	41.52	40.14	41.52
83.00	40.79	40.21	40.79
84.00	40.03	40.27	40.27
85.00	38.60	40.31	40.31
86.00	37.45	40.35	40.35
87.00	36.49	37.66	37.66
88.00	35.46	33.47	35.46
89.00	35.10	33.48	35.10
90.00	34.63	33.49	34.63
91.00	33.81	33.48	33.81
92.00	34.59	33.47	34.59
93.00	34.57	33.45	34.57
94.00	34.54	33.42	34.54
95.00	33.54	33.38	33.54
96.00	33.50	33.34	33.50
97.00	32.88	33.29	33.29
98.00	32.66	28.69	32.66
99.00	31.95	28.63	31.95
100.00	31.04	28.56	31.04
101.00	30.77	28.48	30.77
102.00	30.80	28.40	30.80
103.00	28.73	28.30	28.73
104.00	29.11	28.20	29.11
105.00	28.69	28.10	28.69
106.00	28.58	27.98	28.58
107.00	27.71	27.86	27.86
108.00	27.68	27.73	27.73
109.00	28.25	27.59	28.25
110.00	28.60	27.45	28.60
111.00	27.86	27.30	27.86
112.00	27.60	27.14	27.60
113.00	27.35	26.97	27.35
114.00	27.01	26.79	27.01
115.00	28.52	26.61	28.52
116.00	29.63	26.42	29.63
117.00	28.94	12.37	28.94
118.00	27.89	12.26	27.89
119.00	27.26	12.15	27.26
120.00	25.45	12.03	25.45
121.00	25.22	11.91	25.22
122.00	21.57	11.79	21.57
123.00	19.88	11.66	19.88
124.00	19.68	11.53	19.68
125.00	18.98	11.40	18.98
126.00	20.36	11.26	20.36
127.00	20.12	6.93	20.12
128.00	16.20	6.83	16.20
129.00	16.00	6.74	16.00
130.00	16.42	3.42	16.42
131.00	16.17	3.37	16.17
132.00	17.57	3.50	17.57
133.00	19.32	3.32	19.32
134.00	19.03	3.67	19.03
135.00	20.54	3.91	20.54
136.00	18.20	4.21	18.20
137.00	18.49	4.48	18.49
138.00	16.37	4.76	16.37
139.00	15.96	5.03	15.96
140.00	16.20	5.27	16.20
141.00	14.85	5.43	14.85
142.00	13.66	5.60	13.66
143.00	12.85	5.84	12.85
144.00	12.50	6.10	12.50
145.00	11.26	6.28	11.26
146.00	3.77	6.38	6.38
147.00	3.57	6.57	6.57
148.00	0.00	6.94	6.94
149.00	0.00	7.46	7.46
150.00	0.00	7.94	7.94
151.00	0.00	8.26	8.26
152.00	0.00	8.66	8.66
153.00	0.00	9.22	9.22
154.00	0.00	9.28	9.28
155.00	0.00	9.22	9.22
156.00	0.00	9.86	9.86
157.00	0.00	10.21	10.21
158.00	0.00	10.28	10.28
159.00	0.00	10.04	10.04
160.00	0.00	9.70	9.70
161.00	0.00	9.25	9.25
162.00	0.00	8.56	8.56
163.00	0.00	8.27	8.27
164.00	0.00	8.02	8.02
165.00	0.00	8.73	8.73
166.00	0.00	9.41	9.41
167.00	0.00	9.28	9.28
168.00	0.00	9.64	9.64
169.00	0.00	9.13	9.13
170.00	0.00	8.92	8.92
171.00	0.00	8.65	8.65
172.00	0.00	9.03	9.03
173.00	0.00	9.52	9.52
174.00	0.00	8.95	8.95
175.00	0.00	9.00	9.00
176.00	0.00	9.22	9.22
177.00	0.00	9.11	9.11
178.00	0.00	9.50	9.50
179.00	0.00	9.85	9.85
180.00	0.00	9.95	9.95
181.00	0.00	10.02	10.02
182.00	0.00	9.67	9.67
183.00	0.00	9.16	9.16
184.00	0.00	8.71	8.71
185.00	0.00	8.28	8.28
186.00	0.00	7.79	7.79
187.00	0.00	7.56	7.56
188.00	0.00	7.37	7.37
189.00	0.00	7.12	7.12
190.00	0.00	7.03	7.03
191.00	0.00	6.91	6.91
192.00	0.00	7.18	7.18
193.00	0.00	7.50	7.50
194.00	0.00	8.04	8.04
195.00	0.00	7.96	7.96
196.00	0.00	8.40	8.40
197.00	0.00	8.28	8.28
198.00	0.00	8.54	8.54
199.00	0.00	8.58	8.58
200.00	0.00	8.81	8.81
201.00	0.00	8.91	8.91
202.00	0.00	8.67	8.67
203.00	0.00	8.34	8.34
204.00	0.00	7.74	7.74
205.00	0.00	7.19	7.19
206.00	0.00	6.85	6.85
207.00	5.30	6.69	6.69
208.00	5.25	6.69	6.69
209.00	5.20	7.05	7.05
210.00	5.15	7.20	7.20
211.00	5.09	7.34	7.34
212.00	5.04	7.46	7.46
213.00	4.98	7.50	7.50
214.00	4.93	7.77	7.77
215.00	4.87	8.00	8.00
216.00	4.81	8.08	8.08
217.00	4.75	7.86	7.86
218.00	4.68	7.83	7.83
219.00	4.62	7.52	7.52
220.00	4.56	6.95	6.95
221.00	4.48	6.29	6.29
222.00	4.42	6.06	6.06
223.00	4.35	5.97	5.97
224.00	4.28	5.85	5.85
225.00	4.21	6.06	6.06
226.00	4.28	6.04	6.04
227.00	4.35	6.25	6.25
228.00	4.42	6.44	6.44
229.00	4.48	6.67	6.67
230.00	4.56	7.15	7.15
231.00	4.62	7.66	7.66
232.00	4.68	7.80	7.80
233.00	4.75	7.88	7.88
234.00	45.21	7.87	45.21
235.00	45.57	7.96	45.57
236.00	45.90	7.98	45.90
237.00	46.23	8.33	46.23
238.00	46.56	8.53	46.56
239.00	46.86	8.75	46.86
240.00	47.16	8.95	47.16
241.00	47.43	9.58	47.43
242.00	47.71	9.67	47.71
243.00	47.98	9.20	47.98
244.00	48.23	8.89	48.23
245.00	48.45	8.77	48.45
246.00	48.67	8.40	48.67
247.00	48.89	8.68	48.89
248.00	49.11	8.58	49.11
249.00	49.30	8.52	49.30
250.00	49.46	8.60	49.46
251.00	49.63	8.26	49.63
252.00	49.81	8.09	49.81
253.00	49.96	8.15	49.96
254.00	50.11	8.00	50.11
255.00	50.25	8.10	50.25
256.00	42.67	8.13	42.67
257.00	42.78	7.85	42.78
258.00	42.90	7.80	42.90
259.00	43.00	7.87	43.00
260.00	43.09	7.67	43.09
261.00	43.17	7.38	43.17
262.00	43.25	7.25	43.25
263.00	43.32	7.26	43.32
264.00	43.37	7.00	43.37
265.00	43.42	6.45	43.42
266.00	43.46	10.01	43.46
267.00	43.49	12.20	43.49
268.00	43.51	12.26	43.51
269.00	43.53	13.39	43.53
270.00	43.53	13.39	43.53
271.00	43.53	13.64	43.53
272.00	43.52	28.84	43.52
273.00	43.49	28.82	43.49
274.00	43.46	34.36	43.46
275.00	43.42	34.53	43.42
276.00	43.37	35.14	43.37
277.00	43.32	35.22	43.32
278.00	43.26	35.74	43.26
279.00	43.18	36.10	43.18
280.00	43.10	36.60	43.10
281.00	43.01	36.94	43.01
282.00	42.91	37.63	42.91
283.00	42.79	37.76	42.79
284.00	42.68	38.08	42.68
285.00	22.35	38.50	38.50
286.00	23.62	38.40	38.40
287.00	24.52	38.76	38.76
288.00	25.14	38.99	38.99
289.00	25.26	38.87	38.87
290.00	25.68	39.09	39.09
291.00	26.43	38.96	38.96
292.00	27.15	39.04	39.04
293.00	28.21	39.36	39.36
294.00	29.71	39.22	39.22
295.00	29.25	39.44	39.44
296.00	29.66	39.70	39.70
297.00	29.97	43.05	43.05
298.00	30.09	42.80	42.80
299.00	29.06	42.52	42.52
300.00	29.23	42.24	42.24
301.00	29.20	41.95	41.95
302.00	29.60	41.65	41.65
303.00	30.21	41.33	41.33
304.00	31.67	41.00	41.00
305.00	32.07	41.13	41.13
306.00	31.63	41.68	41.68
307.00	32.13	41.32	41.32
308.00	33.55	41.52	41.52
309.00	33.20	41.42	41.42
310.00	33.40	41.53	41.53
311.00	34.24	42.26	42.26
312.00	34.56	41.82	41.82
313.00	35.13	42.51	42.51
314.00	35.31	42.03	42.03
315.00	35.81	42.92	42.92
316.00	36.50	43.12	43.12
317.00	36.57	43.59	43.59
318.00	37.20	43.96	43.96
319.00	52.09	44.41	52.09
320.00	52.53	44.58	52.53
321.00	52.94	44.48	52.94
322.00	53.29	44.87	53.29
323.00	53.67	44.40	53.67
324.00	54.02	44.77	54.02
325.00	54.37	44.44	54.37
326.00	54.68	43.97	54.68
327.00	54.99	44.31	54.99
328.00	49.48	43.80	49.48
329.00	49.77	43.59	49.77
330.00	50.07	43.32	50.07
331.00	50.34	43.44	50.34
332.00	50.62	43.55	50.62
333.00	50.88	43.05	50.88
334.00	46.77	42.81	46.77
335.00	46.98	42.39	46.98
336.00	47.21	42.62	47.21
337.00	47.43	42.83	47.43
338.00	47.65	43.04	47.65
339.00	47.85	43.24	47.85
340.00	48.01	43.42	48.01
341.00	48.18	43.60	48.18
342.00	48.36	43.76	48.36
343.00	48.51	43.92	48.51
344.00	43.95	44.94	44.94
345.00	44.32	45.08	45.08
346.00	44.56	45.30	45.30
347.00	45.10	45.56	45.56
348.00	45.87	47.81	47.81
349.00	45.82	47.91	47.91
350.00	46.11	48.01	48.01
351.00	46.40	48.15	48.15
352.00	46.71	48.22	48.22
353.00	48.55	48.29	48.55
354.00	48.23	48.34	48.34
355.00	47.80	47.81	47.81
356.00	48.05	49.22	49.22
357.00	48.27	49.25	49.25
358.00	48.33	50.34	50.34
359.00	48.78	50.35	50.35
