Position MGI Austria West (EPSG 31254)	80296 RW; 238681 HW
Position WGS 84 (EPSG 4326)           	11°23'39" Ost; 47°16'55" Nord
Azimut	Nah-Horizont	Fern-Horizont	Total
0.00	81.32	41.38	81.32
1.00	81.32	41.37	81.32
2.00	81.31	41.36	81.31
3.00	81.31	41.34	81.31
4.00	81.30	41.31	81.30
5.00	81.29	41.27	81.29
6.00	81.16	41.22	81.16
7.00	81.14	41.17	81.14
8.00	82.65	41.10	82.65
9.00	82.63	41.03	82.63
10.00	82.61	40.94	82.61
11.00	82.59	40.85	82.59
12.00	82.56	40.75	82.56
13.00	82.53	40.64	82.53
14.00	82.50	40.52	82.50
15.00	82.47	39.04	82.47
16.00	82.43	38.91	82.43
17.00	82.39	38.76	82.39
18.00	82.35	38.61	82.35
19.00	82.30	38.45	82.30
20.00	82.26	38.27	82.26
21.00	82.32	38.09	82.32
22.00	82.27	37.90	82.27
23.00	82.21	37.70	82.21
24.00	82.15	37.49	82.15
25.00	82.09	37.27	82.09
26.00	82.03	37.04	82.03
27.00	81.96	43.94	81.96
28.00	81.88	43.68	81.88
29.00	81.80	43.41	81.80
30.00	81.73	43.13	81.73
31.00	81.64	42.84	81.64
32.00	81.55	42.53	81.55
33.00	81.61	42.21	81.61
34.00	81.51	41.88	81.51
35.00	81.42	41.54	81.42
36.00	81.31	41.19	81.31
37.00	81.20	40.82	81.20
38.00	81.08	40.44	81.08
39.00	80.96	40.05	80.96
40.00	80.83	39.64	80.83
41.00	80.69	39.22	80.69
42.00	78.75	38.79	78.75
43.00	78.57	38.35	78.57
44.00	78.39	37.89	78.39
45.00	78.19	37.41	78.19
46.00	78.39	37.89	78.39
47.00	78.57	38.35	78.57
48.00	78.75	38.79	78.75
49.00	78.22	39.22	78.22
50.00	78.41	39.64	78.41
51.00	78.57	40.05	78.57
52.00	78.71	40.44	78.71
53.00	78.86	40.82	78.86
54.00	79.00	41.19	79.00
55.00	79.14	41.54	79.14
56.00	79.26	41.88	79.26
57.00	79.38	42.21	79.38
58.00	77.05	42.53	77.05
59.00	77.17	42.84	77.17
60.00	77.31	43.13	77.31
61.00	77.42	43.41	77.42
62.00	77.54	43.68	77.54
63.00	77.66	43.94	77.66
64.00	77.76	14.00	77.76
65.00	77.85	14.11	77.85
66.00	77.94	14.22	77.94
67.00	78.03	14.32	78.03
68.00	78.12	14.42	78.12
69.00	78.20	14.51	78.20
70.00	79.45	14.61	79.45
71.00	79.52	14.69	79.52
72.00	79.58	14.77	79.58
73.00	79.63	14.85	79.63
74.00	79.69	14.93	79.69
75.00	79.73	14.99	79.73
76.00	79.78	15.06	79.78
77.00	79.82	15.12	79.82
78.00	79.86	15.18	79.86
79.00	79.90	15.23	79.90
80.00	79.93	15.27	79.93
81.00	79.96	15.32	79.96
82.00	79.98	15.36	79.98
83.00	78.00	15.39	78.00
84.00	78.02	15.42	78.02
85.00	78.04	15.44	78.04
86.00	78.06	15.46	78.06
87.00	78.07	15.48	78.07
88.00	78.08	15.49	78.08
89.00	78.08	15.50	78.08
90.00	78.09	15.50	78.09
91.00	78.08	15.50	78.08
92.00	78.08	15.49	78.08
93.00	78.07	15.48	78.07
94.00	78.06	15.46	78.06
95.00	78.04	15.44	78.04
96.00	78.02	15.42	78.02
97.00	78.00	15.39	78.00
98.00	77.42	15.35	77.42
99.00	77.38	15.32	77.38
100.00	77.35	15.27	77.35
101.00	77.31	15.23	77.31
102.00	77.26	15.17	77.26
103.00	77.22	15.12	77.22
104.00	77.17	15.06	77.17
105.00	77.11	14.99	77.11
106.00	77.05	14.92	77.05
107.00	76.98	14.85	76.98
108.00	76.91	14.77	76.91
109.00	76.83	14.69	76.83
110.00	76.76	14.60	76.76
111.00	68.69	14.51	68.69
112.00	68.56	14.42	68.56
113.00	68.40	14.32	68.40
114.00	68.85	14.22	68.85
115.00	68.70	14.11	68.70
116.00	68.55	14.00	68.55
117.00	69.09	6.29	69.09
118.00	68.90	6.15	68.90
119.00	68.71	6.30	68.71
120.00	68.53	6.51	68.53
121.00	68.32	6.70	68.32
122.00	68.12	6.82	68.12
123.00	66.70	6.75	66.70
124.00	66.46	6.96	66.46
125.00	65.17	7.20	65.17
126.00	64.89	7.55	64.89
127.00	64.55	7.87	64.55
128.00	64.25	8.24	64.25
129.00	63.96	8.13	63.96
130.00	62.14	7.95	62.14
131.00	61.76	7.76	61.76
132.00	61.41	7.47	61.41
133.00	64.15	7.83	64.15
134.00	63.77	7.52	63.77
135.00	63.38	7.31	63.38
136.00	63.77	7.09	63.77
137.00	64.15	7.18	64.15
138.00	49.92	7.27	49.92
139.00	50.33	7.40	50.33
140.00	50.78	7.62	50.78
141.00	41.64	7.28	41.64
142.00	42.01	7.50	42.01
143.00	42.40	7.83	42.40
144.00	33.73	7.94	33.73
145.00	34.07	8.11	34.07
146.00	34.37	8.54	34.37
147.00	32.10	8.72	32.10
148.00	30.36	8.71	30.36
149.00	30.62	8.50	30.62
150.00	30.86	8.13	30.86
151.00	28.96	7.65	28.96
152.00	27.88	7.16	27.88
153.00	27.73	6.88	27.73
154.00	26.85	6.61	26.85
155.00	26.64	6.25	26.64
156.00	27.59	5.95	27.59
157.00	27.77	5.66	27.77
158.00	28.72	5.24	28.72
159.00	28.88	4.92	28.88
160.00	28.63	4.58	28.63
161.00	29.09	4.24	29.09
162.00	29.24	4.02	29.24
163.00	29.05	3.61	29.05
164.00	28.68	3.28	28.68
165.00	25.82	2.88	25.82
166.00	24.45	2.41	24.45
167.00	24.23	2.35	24.23
168.00	24.53	2.89	24.53
169.00	24.61	3.24	24.61
170.00	25.56	3.57	25.56
171.00	27.53	3.73	27.53
172.00	27.59	3.75	27.59
173.00	28.52	3.70	28.52
174.00	31.78	3.68	31.78
175.00	31.83	4.14	31.83
176.00	32.60	4.14	32.60
177.00	32.63	3.91	32.63
178.00	32.65	4.25	32.65
179.00	27.87	4.45	27.87
180.00	27.87	4.79	27.87
181.00	27.87	5.47	27.87
182.00	28.11	5.95	28.11
183.00	28.09	5.93	28.09
184.00	26.82	5.46	26.82
185.00	27.55	5.36	27.55
186.00	28.64	4.69	28.64
187.00	28.59	4.64	28.59
188.00	29.87	4.22	29.87
189.00	29.80	3.64	29.80
190.00	29.73	3.63	29.73
191.00	28.93	4.04	28.93
192.00	27.27	4.41	27.27
193.00	26.69	4.95	26.69
194.00	25.66	5.34	25.66
195.00	24.92	5.69	24.92
196.00	22.86	5.98	22.86
197.00	24.09	6.12	24.09
198.00	23.98	6.25	23.98
199.00	22.78	6.15	22.78
200.00	20.16	6.51	20.16
201.00	20.62	6.53	20.62
202.00	20.49	6.20	20.49
203.00	17.24	6.51	17.24
204.00	16.08	6.98	16.08
205.00	11.74	7.62	11.74
206.00	11.67	7.74	11.67
207.00	10.29	8.21	10.29
208.00	8.94	7.76	8.94
209.00	8.65	7.07	8.65
210.00	7.79	6.90	7.79
211.00	8.91	6.82	8.91
212.00	10.03	6.79	10.03
213.00	9.95	6.40	9.95
214.00	9.94	6.34	9.94
215.00	2.75	6.03	6.03
216.00	3.00	5.95	5.95
217.00	2.80	6.41	6.41
218.00	1.29	6.15	6.15
219.00	4.56	5.96	5.96
220.00	7.55	6.32	7.55
221.00	8.38	6.09	8.38
222.00	7.52	6.14	7.52
223.00	3.93	5.95	5.95
224.00	3.40	5.59	5.59
225.00	5.39	5.11	5.39
226.00	4.98	4.98	4.98
227.00	5.66	4.95	5.66
228.00	6.14	5.08	6.14
229.00	8.99	5.03	8.99
230.00	9.57	4.94	9.57
231.00	13.23	5.14	13.23
232.00	13.39	4.82	13.39
233.00	13.56	5.12	13.56
234.00	14.80	4.94	14.80
235.00	15.89	4.84	15.89
236.00	15.88	4.35	15.88
237.00	15.93	3.79	15.93
238.00	16.09	4.73	16.09
239.00	15.55	4.78	15.55
240.00	15.71	4.82	15.71
241.00	15.01	7.03	15.01
242.00	14.95	7.10	14.95
243.00	14.04	7.16	14.04
244.00	15.09	7.38	15.09
245.00	15.28	7.44	15.28
246.00	16.09	7.50	16.09
247.00	15.37	8.52	15.37
248.00	16.71	8.58	16.71
249.00	15.59	9.32	15.59
250.00	13.84	9.38	13.84
251.00	13.88	9.44	13.88
252.00	15.39	9.49	15.39
253.00	17.08	12.33	17.08
254.00	16.79	12.39	16.79
255.00	17.69	12.45	17.69
256.00	17.97	12.50	17.97
257.00	17.75	12.55	17.75
258.00	20.30	12.60	20.30
259.00	20.37	12.64	20.37
260.00	21.69	13.46	21.69
261.00	21.75	13.49	21.75
262.00	16.71	13.53	16.71
263.00	15.73	13.56	15.73
264.00	15.85	13.58	15.85
265.00	17.03	13.61	17.03
266.00	21.72	15.38	21.72
267.00	21.74	15.39	21.74
268.00	23.44	15.40	23.44
269.00	23.45	15.41	23.45
270.00	19.05	15.41	19.05
271.00	20.11	15.41	20.11
272.00	20.75	15.40	20.75
273.00	21.38	15.39	21.38
274.00	21.70	15.38	21.70
275.00	22.28	17.22	22.28
276.00	22.63	17.19	22.63
277.00	23.46	17.16	23.46
278.00	23.44	17.12	23.44
279.00	24.19	17.08	24.19
280.00	23.74	17.03	23.74
281.00	24.30	16.98	24.30
282.00	25.01	16.92	25.01
283.00	25.67	17.37	25.67
284.00	25.48	17.30	25.48
285.00	25.44	19.55	25.44
286.00	23.95	19.46	23.95
287.00	24.66	21.94	24.66
288.00	25.25	21.83	25.25
289.00	27.56	21.72	27.56
290.00	27.45	21.60	27.45
291.00	26.41	23.94	26.41
292.00	28.39	23.80	28.39
293.00	28.38	23.64	28.38
294.00	29.09	23.48	29.09
295.00	29.07	23.32	29.07
296.00	29.21	23.15	29.21
297.00	28.75	22.96	28.75
298.00	28.31	22.78	28.31
299.00	28.22	22.58	28.22
300.00	26.58	22.39	26.58
301.00	24.84	22.18	24.84
302.00	26.21	21.97	26.21
303.00	26.76	25.52	26.76
304.00	26.51	25.26	26.51
305.00	27.85	25.00	27.85
306.00	27.16	24.73	27.16
307.00	31.54	24.44	31.54
308.00	32.10	24.16	32.10
309.00	31.92	23.87	31.92
310.00	31.39	29.08	31.39
311.00	32.56	28.72	32.56
312.00	33.05	28.34	33.05
313.00	33.44	27.97	33.44
314.00	34.07	27.57	34.07
315.00	35.98	27.18	35.98
316.00	36.25	27.57	36.25
317.00	36.59	27.97	36.59
318.00	37.70	28.34	37.70
319.00	38.20	28.72	38.20
320.00	38.82	29.08	38.82
321.00	39.08	28.53	39.08
322.00	38.76	28.86	38.76
323.00	38.26	29.18	38.26
324.00	38.05	29.50	38.05
325.00	39.18	29.80	39.18
326.00	39.52	30.10	39.52
327.00	39.12	30.39	39.12
328.00	39.72	30.67	39.72
329.00	40.10	30.94	40.10
330.00	42.22	31.20	42.22
331.00	42.99	31.45	42.99
332.00	44.01	31.70	44.01
333.00	43.75	31.93	43.75
334.00	43.34	31.42	43.34
335.00	43.45	31.62	43.45
336.00	44.44	31.83	44.44
337.00	43.57	32.02	43.57
338.00	72.84	32.21	72.84
339.00	72.95	32.39	72.95
340.00	73.04	32.55	73.04
341.00	73.13	32.72	73.13
342.00	73.23	32.87	73.23
343.00	75.93	33.01	75.93
344.00	80.94	33.15	80.94
345.00	80.98	33.27	80.98
346.00	81.02	40.52	81.02
347.00	81.06	40.64	81.06
348.00	81.09	40.75	81.09
349.00	81.12	40.85	81.12
350.00	81.15	40.94	81.15
351.00	81.17	41.03	81.17
352.00	81.20	41.10	81.20
353.00	81.22	41.17	81.22
354.00	81.23	41.22	81.23
355.00	81.28	41.27	81.28
356.00	81.30	41.31	81.30
357.00	81.31	41.34	81.31
358.00	81.31	41.36	81.31
359.00	81.32	41.37	81.32
