Position MGI Austria West (EPSG 31254)	18744 RW; 224973 HW
Position WGS 84 (EPSG 4326)           	10°34'48" Ost; 47°9'48" Nord
Azimut	Nah-Horizont	Fern-Horizont	Total
0.00	44.46	41.74	44.46
1.00	43.84	41.74	43.84
2.00	44.10	41.68	44.10
3.00	44.38	41.63	44.38
4.00	43.92	41.60	43.92
5.00	43.94	40.27	43.94
6.00	43.61	40.22	43.61
7.00	43.63	40.16	43.63
8.00	42.96	39.92	42.96
9.00	42.09	39.85	42.09
10.00	41.65	39.77	41.65
11.00	41.53	39.68	41.53
12.00	41.41	39.58	41.41
13.00	40.72	39.10	40.72
14.00	40.40	38.98	40.40
15.00	40.11	38.04	40.11
16.00	39.14	37.24	39.14
17.00	38.88	37.10	38.88
18.00	38.38	36.70	38.38
19.00	38.17	36.54	38.17
20.00	37.55	35.73	37.55
21.00	37.43	35.56	37.43
22.00	36.76	34.60	36.76
23.00	36.80	34.17	36.80
24.00	35.61	32.99	35.61
25.00	35.06	32.78	35.06
26.00	34.45	32.57	34.45
27.00	34.54	31.33	34.54
28.00	34.63	31.11	34.63
29.00	34.39	30.86	34.39
30.00	34.23	30.61	34.23
31.00	33.59	30.36	33.59
32.00	33.51	31.06	33.51
33.00	33.25	30.78	33.25
34.00	32.51	30.49	32.51
35.00	32.01	30.19	32.01
36.00	30.98	29.05	30.98
37.00	30.65	28.73	30.65
38.00	29.11	28.41	29.11
39.00	27.41	28.08	28.08
40.00	25.55	23.44	25.55
41.00	24.56	23.13	24.56
42.00	24.31	22.81	24.31
43.00	22.65	17.13	22.65
44.00	21.88	16.86	21.88
45.00	22.40	16.59	22.40
46.00	21.78	16.86	21.78
47.00	21.44	17.13	21.44
48.00	21.42	17.34	21.42
49.00	20.33	11.79	20.33
50.00	19.27	11.96	19.27
51.00	17.62	12.14	17.62
52.00	17.48	12.30	17.48
53.00	15.23	12.46	15.23
54.00	13.23	11.46	13.23
55.00	11.88	11.59	11.88
56.00	10.76	4.02	10.76
57.00	8.19	4.07	8.19
58.00	7.15	4.11	7.15
59.00	5.14	4.16	5.14
60.00	3.52	3.51	3.52
61.00	2.56	4.18	4.18
62.00	2.12	4.46	4.46
63.00	0.61	3.59	3.59
64.00	0.69	3.45	3.45
65.00	0.00	4.05	4.05
66.00	0.00	4.37	4.37
67.00	0.00	4.81	4.81
68.00	0.00	5.23	5.23
69.00	0.00	5.25	5.25
70.00	0.00	5.50	5.50
71.00	0.00	5.83	5.83
72.00	0.00	6.20	6.20
73.00	0.00	6.57	6.57
74.00	0.00	7.09	7.09
75.00	0.00	7.47	7.47
76.00	0.00	7.85	7.85
77.00	0.00	8.07	8.07
78.00	0.00	8.36	8.36
79.00	0.00	8.75	8.75
80.00	0.00	9.18	9.18
81.00	0.00	9.70	9.70
82.00	0.00	10.45	10.45
83.00	0.00	11.14	11.14
84.00	0.00	11.27	11.27
85.00	0.00	11.20	11.20
86.00	0.00	11.44	11.44
87.00	0.00	11.83	11.83
88.00	0.00	11.75	11.75
89.00	0.00	11.66	11.66
90.00	0.00	11.79	11.79
91.00	0.00	11.93	11.93
92.00	0.00	12.40	12.40
93.00	0.00	12.76	12.76
94.00	0.00	12.67	12.67
95.00	0.00	12.78	12.78
96.00	0.00	13.03	13.03
97.00	0.00	13.36	13.36
98.00	0.00	13.64	13.64
99.00	0.00	13.92	13.92
100.00	0.00	14.22	14.22
101.00	0.00	14.45	14.45
102.00	0.00	14.76	14.76
103.00	0.00	14.89	14.89
104.00	0.00	15.10	15.10
105.00	0.00	15.37	15.37
106.00	0.00	15.67	15.67
107.00	0.00	15.95	15.95
108.00	0.00	16.09	16.09
109.00	0.00	16.34	16.34
110.00	0.00	16.57	16.57
111.00	0.00	17.01	17.01
112.00	0.00	17.32	17.32
113.00	0.00	17.66	17.66
114.00	0.00	18.04	18.04
115.00	0.00	18.27	18.27
116.00	0.00	18.58	18.58
117.00	0.00	18.82	18.82
118.00	0.00	19.04	19.04
119.00	0.00	19.09	19.09
120.00	0.00	19.11	19.11
121.00	0.00	19.11	19.11
122.00	0.00	18.96	18.96
123.00	0.00	18.73	18.73
124.00	0.00	18.53	18.53
125.00	0.00	18.41	18.41
126.00	0.00	18.10	18.10
127.00	0.00	17.91	17.91
128.00	0.00	17.80	17.80
129.00	0.00	17.77	17.77
130.00	0.00	17.68	17.68
131.00	0.00	17.64	17.64
132.00	0.00	17.51	17.51
133.00	0.00	17.32	17.32
134.00	0.00	17.06	17.06
135.00	0.00	16.87	16.87
136.00	0.00	16.56	16.56
137.00	0.00	16.36	16.36
138.00	0.00	16.14	16.14
139.00	0.00	15.97	15.97
140.00	0.00	15.94	15.94
141.00	0.00	15.73	15.73
142.00	0.00	15.26	15.26
143.00	0.00	14.92	14.92
144.00	0.00	14.92	14.92
145.00	0.00	14.72	14.72
146.00	0.00	14.41	14.41
147.00	0.00	14.28	14.28
148.00	0.00	14.27	14.27
149.00	0.00	14.22	14.22
150.00	0.00	13.78	13.78
151.00	0.00	13.58	13.58
152.00	0.00	13.23	13.23
153.00	0.00	12.97	12.97
154.00	0.00	12.70	12.70
155.00	0.00	12.61	12.61
156.00	0.00	12.74	12.74
157.00	0.00	12.69	12.69
158.00	0.00	12.73	12.73
159.00	0.00	12.42	12.42
160.00	0.00	12.23	12.23
161.00	0.00	11.94	11.94
162.00	0.00	11.94	11.94
163.00	0.00	11.73	11.73
164.00	0.00	11.46	11.46
165.00	0.00	11.23	11.23
166.00	0.00	10.79	10.79
167.00	0.00	10.31	10.31
168.00	0.00	9.90	9.90
169.00	0.00	10.08	10.08
170.00	0.00	9.66	9.66
171.00	0.00	9.79	9.79
172.00	0.00	9.72	9.72
173.00	0.00	9.60	9.60
174.00	0.00	9.53	9.53
175.00	0.00	9.39	9.39
176.00	0.00	9.27	9.27
177.00	0.00	9.28	9.28
178.00	0.00	9.48	9.48
179.00	0.00	9.57	9.57
180.00	0.00	9.82	9.82
181.00	0.00	9.86	9.86
182.00	0.00	9.60	9.60
183.00	0.00	9.21	9.21
184.00	0.00	9.39	9.39
185.00	0.00	9.79	9.79
186.00	0.00	10.09	10.09
187.00	0.00	10.41	10.41
188.00	0.00	10.94	10.94
189.00	0.00	11.06	11.06
190.00	0.00	11.37	11.37
191.00	0.00	11.22	11.22
192.00	0.00	11.52	11.52
193.00	0.00	11.88	11.88
194.00	0.00	12.43	12.43
195.00	0.00	12.91	12.91
196.00	0.00	13.04	13.04
197.00	0.00	12.87	12.87
198.00	0.00	12.91	12.91
199.00	0.00	12.88	12.88
200.00	0.00	13.30	13.30
201.00	0.00	13.20	13.20
202.00	0.00	13.19	13.19
203.00	0.00	12.79	12.79
204.00	0.00	12.53	12.53
205.00	0.00	12.25	12.25
206.00	0.00	12.05	12.05
207.00	0.00	11.84	11.84
208.00	0.00	11.79	11.79
209.00	0.00	12.06	12.06
210.00	0.00	11.91	11.91
211.00	0.00	11.21	11.21
212.00	0.00	10.77	10.77
213.00	0.00	10.12	10.12
214.00	0.33	9.51	9.51
215.00	0.11	8.89	8.89
216.00	0.00	8.36	8.36
217.00	0.23	7.84	7.84
218.00	2.59	7.50	7.50
219.00	3.48	7.00	7.00
220.00	2.28	6.49	6.49
221.00	2.06	6.13	6.13
222.00	2.03	5.86	5.86
223.00	2.00	5.51	5.51
224.00	4.19	5.17	5.17
225.00	4.12	5.25	5.25
226.00	6.40	6.25	6.40
227.00	7.26	6.93	7.26
228.00	8.16	7.64	8.16
229.00	8.37	8.41	8.41
230.00	13.20	9.01	13.20
231.00	13.38	9.92	13.38
232.00	13.10	10.14	13.10
233.00	13.57	10.77	13.57
234.00	15.22	11.97	15.22
235.00	15.82	12.57	15.82
236.00	17.08	14.00	17.08
237.00	17.27	14.61	17.27
238.00	23.52	15.53	23.52
239.00	23.73	16.49	23.73
240.00	23.96	17.17	23.96
241.00	24.16	18.12	24.16
242.00	24.37	19.14	24.37
243.00	24.58	19.69	24.58
244.00	24.77	20.50	24.77
245.00	24.93	20.94	24.93
246.00	25.11	21.67	25.11
247.00	27.13	22.54	27.13
248.00	27.31	23.34	27.31
249.00	27.52	24.31	27.52
250.00	30.71	25.36	30.71
251.00	30.86	25.76	30.86
252.00	31.10	26.42	31.10
253.00	34.33	27.44	34.33
254.00	36.39	28.10	36.39
255.00	36.52	28.62	36.52
256.00	37.54	29.48	37.54
257.00	38.91	29.97	38.91
258.00	39.02	30.01	39.02
259.00	39.13	30.38	39.13
260.00	39.21	31.00	39.21
261.00	40.16	31.15	40.16
262.00	40.23	32.00	40.23
263.00	40.39	32.82	40.39
264.00	41.53	33.66	41.53
265.00	41.58	33.71	41.58
266.00	41.62	34.02	41.62
267.00	41.65	35.05	41.65
268.00	41.01	36.25	41.01
269.00	41.02	36.26	41.02
270.00	41.03	36.27	41.03
271.00	41.03	36.26	41.03
272.00	41.01	36.40	41.01
273.00	37.90	38.48	38.48
274.00	38.43	38.45	38.45
275.00	42.33	38.41	42.33
276.00	43.14	38.36	43.14
277.00	43.09	39.20	43.09
278.00	43.02	40.03	43.02
279.00	42.94	39.96	42.94
280.00	42.86	40.24	42.86
281.00	42.77	40.38	42.77
282.00	42.67	41.04	42.67
283.00	42.56	41.38	42.56
284.00	42.44	41.26	42.44
285.00	42.31	41.30	42.31
286.00	42.18	41.79	42.18
287.00	42.00	41.64	42.00
288.00	42.30	41.76	42.30
289.00	42.61	41.60	42.61
290.00	42.35	42.30	42.35
291.00	42.82	42.11	42.82
292.00	42.55	42.42	42.55
293.00	42.85	42.22	42.85
294.00	42.64	42.21	42.64
295.00	42.41	42.30	42.41
296.00	42.33	42.06	42.33
297.00	42.94	46.65	46.65
298.00	44.30	46.40	46.40
299.00	44.02	46.12	46.12
300.00	43.79	45.84	45.84
301.00	43.34	45.55	45.55
302.00	43.93	45.24	45.24
303.00	44.14	44.92	44.92
304.00	44.12	44.59	44.59
305.00	44.53	44.55	44.55
306.00	45.43	45.22	45.43
307.00	45.06	45.77	45.77
308.00	44.89	46.30	46.30
309.00	45.42	46.57	46.57
310.00	45.78	46.15	46.15
311.00	45.01	47.82	47.82
312.00	45.04	47.38	47.38
313.00	46.03	47.79	47.79
314.00	45.34	47.32	47.32
315.00	45.26	48.01	48.01
316.00	45.09	48.00	48.00
317.00	45.23	48.47	48.47
318.00	45.04	48.38	48.38
319.00	45.38	48.82	48.82
320.00	45.43	48.68	48.68
321.00	45.27	48.57	48.57
322.00	45.29	48.73	48.73
323.00	45.73	48.67	48.67
324.00	45.83	49.04	49.04
325.00	45.50	48.78	48.78
326.00	45.92	48.84	48.84
327.00	45.87	49.06	49.06
328.00	45.75	49.14	49.14
329.00	45.86	49.44	49.44
330.00	45.94	49.06	49.06
331.00	45.91	49.34	49.34
332.00	45.51	49.11	49.11
333.00	45.72	49.15	49.15
334.00	45.33	48.83	48.83
335.00	45.28	48.88	48.88
336.00	45.04	49.08	49.08
337.00	45.20	48.75	48.75
338.00	45.30	48.91	48.91
339.00	45.07	49.05	49.05
340.00	44.92	49.10	49.10
341.00	44.75	49.27	49.27
342.00	44.79	49.20	49.20
343.00	44.51	48.77	48.77
344.00	44.59	48.92	48.92
345.00	44.95	48.47	48.47
346.00	44.84	48.24	48.24
347.00	44.88	48.36	48.36
348.00	44.80	47.17	47.17
349.00	45.05	47.19	47.19
350.00	45.23	47.28	47.28
351.00	45.00	46.55	46.55
352.00	45.27	46.63	46.63
353.00	45.02	46.49	46.49
354.00	45.32	45.24	45.32
355.00	44.92	45.29	45.29
356.00	44.86	44.96	44.96
357.00	44.90	43.90	44.90
358.00	44.76	43.92	44.76
359.00	44.57	41.74	44.57
