Position MGI Austria West (EPSG 31254)	38661 RW; 242253 HW
Position WGS 84 (EPSG 4326)           	10°50'39" Ost; 47°19'4" Nord
Azimut	Nah-Horizont	Fern-Horizont	Total
0.00	61.93	50.18	61.93
1.00	61.92	50.17	61.92
2.00	61.91	50.16	61.91
3.00	61.90	50.14	61.90
4.00	61.87	50.11	61.87
5.00	58.91	50.07	58.91
6.00	58.87	52.62	58.87
7.00	59.25	52.56	59.25
8.00	60.26	56.26	60.26
9.00	61.89	56.19	61.89
10.00	61.82	61.67	61.82
11.00	62.45	61.60	62.45
12.00	62.78	61.51	62.78
13.00	63.15	61.42	63.15
14.00	64.24	61.32	64.24
15.00	64.47	61.45	64.47
16.00	64.51	61.33	64.51
17.00	64.85	61.21	64.85
18.00	65.27	61.07	65.27
19.00	65.13	60.94	65.13
20.00	65.60	60.78	65.60
21.00	65.65	60.62	65.65
22.00	65.82	60.46	65.82
23.00	67.59	60.28	67.59
24.00	67.74	60.09	67.74
25.00	68.40	59.89	68.40
26.00	68.26	59.69	68.26
27.00	68.11	66.20	68.11
28.00	67.99	66.00	67.99
29.00	68.07	65.80	68.07
30.00	68.46	65.59	68.46
31.00	68.43	65.37	68.43
32.00	68.90	65.13	68.90
33.00	68.99	64.89	68.99
34.00	69.28	64.63	69.28
35.00	69.40	64.36	69.40
36.00	70.30	64.09	70.30
37.00	69.96	68.70	69.96
38.00	70.52	68.43	70.52
39.00	69.68	68.17	69.68
40.00	69.51	67.87	69.51
41.00	69.89	67.58	69.89
42.00	69.74	67.26	69.74
43.00	69.91	66.94	69.91
44.00	70.33	66.59	70.33
45.00	70.20	66.23	70.20
46.00	70.51	66.59	70.51
47.00	70.76	66.94	70.76
48.00	70.77	67.26	70.77
49.00	70.74	67.58	70.74
50.00	70.72	67.87	70.72
51.00	70.98	68.17	70.98
52.00	70.79	68.43	70.79
53.00	70.77	68.70	70.77
54.00	70.82	64.09	70.82
55.00	71.14	64.36	71.14
56.00	70.98	64.63	70.98
57.00	71.39	64.89	71.39
58.00	71.49	65.13	71.49
59.00	71.66	65.37	71.66
60.00	71.70	65.59	71.70
61.00	71.86	65.80	71.86
62.00	71.40	66.00	71.40
63.00	71.60	66.20	71.60
64.00	70.62	66.24	70.62
65.00	70.68	66.41	70.68
66.00	70.82	66.58	70.82
67.00	70.95	66.73	70.95
68.00	71.09	66.89	71.09
69.00	68.42	67.03	68.42
70.00	68.26	67.16	68.26
71.00	68.32	67.29	68.32
72.00	68.45	67.40	68.45
73.00	68.55	67.52	68.55
74.00	68.65	67.62	68.65
75.00	67.12	67.72	67.72
76.00	67.17	65.76	67.17
77.00	67.18	65.85	67.18
78.00	66.66	65.93	66.66
79.00	66.46	66.01	66.46
80.00	66.84	66.07	66.84
81.00	66.81	62.67	66.81
82.00	65.49	62.73	65.49
83.00	65.51	60.05	65.51
84.00	65.41	60.10	65.41
85.00	65.56	59.69	65.56
86.00	65.57	59.72	65.57
87.00	65.12	59.75	65.12
88.00	63.91	59.77	63.91
89.00	63.70	59.78	63.70
90.00	63.01	59.78	63.01
91.00	63.00	59.78	63.00
92.00	62.99	59.77	62.99
93.00	61.68	59.75	61.68
94.00	61.66	59.72	61.66
95.00	62.02	59.69	62.02
96.00	61.98	59.65	61.98
97.00	63.14	59.60	63.14
98.00	62.77	59.13	62.77
99.00	62.40	59.06	62.40
100.00	62.33	58.99	62.33
101.00	62.02	58.91	62.02
102.00	62.12	58.82	62.12
103.00	61.60	58.72	61.60
104.00	61.10	58.61	61.10
105.00	59.99	53.69	59.99
106.00	59.87	53.56	59.87
107.00	60.15	53.42	60.15
108.00	60.94	53.26	60.94
109.00	60.79	53.11	60.79
110.00	56.62	52.93	56.62
111.00	55.29	52.76	55.29
112.00	54.82	52.57	54.82
113.00	53.72	52.37	53.72
114.00	53.80	52.16	53.80
115.00	53.03	51.94	53.03
116.00	52.82	51.71	52.82
117.00	51.60	44.62	51.60
118.00	50.69	44.37	50.69
119.00	50.75	44.09	50.75
120.00	50.54	43.81	50.54
121.00	51.81	43.52	51.81
122.00	51.52	43.21	51.52
123.00	50.64	35.32	50.64
124.00	45.72	35.01	45.72
125.00	44.70	34.34	44.70
126.00	43.91	34.01	43.91
127.00	42.56	23.98	42.56
128.00	40.59	23.70	40.59
129.00	35.97	23.41	35.97
130.00	32.92	21.47	32.92
131.00	28.09	21.18	28.09
132.00	23.55	13.04	23.55
133.00	19.56	10.95	19.56
134.00	14.89	11.48	14.89
135.00	12.15	11.81	12.15
136.00	10.62	12.12	12.12
137.00	8.15	12.25	12.25
138.00	4.38	12.32	12.32
139.00	3.88	12.30	12.30
140.00	2.86	12.45	12.45
141.00	4.24	12.53	12.53
142.00	4.30	12.48	12.48
143.00	4.36	12.73	12.73
144.00	5.03	13.02	13.02
145.00	5.09	13.21	13.21
146.00	16.31	13.17	16.31
147.00	16.49	13.11	16.49
148.00	16.67	12.94	16.67
149.00	16.83	12.83	16.83
150.00	17.00	12.76	17.00
151.00	12.33	12.86	12.86
152.00	12.45	12.80	12.80
153.00	12.56	12.81	12.81
154.00	12.67	13.02	13.02
155.00	12.76	12.88	12.88
156.00	12.86	12.81	12.86
157.00	10.13	12.80	12.80
158.00	0.00	12.74	12.74
159.00	0.00	12.68	12.68
160.00	0.00	12.58	12.58
161.00	0.00	12.32	12.32
162.00	0.00	12.18	12.18
163.00	0.00	11.93	11.93
164.00	0.00	11.49	11.49
165.00	0.00	11.25	11.25
166.00	0.00	11.14	11.14
167.00	0.00	10.95	10.95
168.00	0.00	10.61	10.61
169.00	0.00	10.18	10.18
170.00	0.00	9.54	9.54
171.00	0.00	8.87	8.87
172.00	0.00	8.07	8.07
173.00	0.00	7.85	7.85
174.00	0.00	7.94	7.94
175.00	0.00	7.72	7.72
176.00	0.00	7.40	7.40
177.00	0.00	7.29	7.29
178.00	0.00	7.27	7.27
179.00	0.00	7.22	7.22
180.00	0.00	7.41	7.41
181.00	0.00	7.58	7.58
182.00	0.00	7.93	7.93
183.00	0.00	7.95	7.95
184.00	0.00	8.02	8.02
185.00	0.00	8.16	8.16
186.00	0.00	8.19	8.19
187.00	0.00	8.40	8.40
188.00	0.00	8.47	8.47
189.00	0.00	8.49	8.49
190.00	0.00	8.49	8.49
191.00	0.00	8.24	8.24
192.00	0.00	7.84	7.84
193.00	0.00	7.69	7.69
194.00	0.00	7.76	7.76
195.00	0.00	8.01	8.01
196.00	0.00	8.34	8.34
197.00	0.00	8.24	8.24
198.00	0.00	8.00	8.00
199.00	0.00	7.86	7.86
200.00	0.00	8.04	8.04
201.00	0.00	8.13	8.13
202.00	0.00	8.27	8.27
203.00	0.00	8.15	8.15
204.00	0.00	7.73	7.73
205.00	0.00	7.00	7.00
206.00	0.00	6.72	6.72
207.00	0.00	6.07	6.07
208.00	0.00	5.66	5.66
209.00	0.00	4.93	4.93
210.00	0.00	4.42	4.42
211.00	0.00	3.90	3.90
212.00	0.00	3.25	3.25
213.00	0.00	2.81	2.81
214.00	0.00	3.07	3.07
215.00	0.00	3.53	3.53
216.00	0.00	4.09	4.09
217.00	0.00	4.96	4.96
218.00	0.00	5.59	5.59
219.00	0.00	6.53	6.53
220.00	0.00	6.95	6.95
221.00	0.00	7.40	7.40
222.00	0.00	8.11	8.11
223.00	0.00	8.20	8.20
224.00	0.00	8.21	8.21
225.00	0.00	8.44	8.44
226.00	0.00	8.92	8.92
227.00	0.00	9.21	9.21
228.00	0.00	9.68	9.68
229.00	0.00	9.98	9.98
230.00	0.00	10.29	10.29
231.00	0.00	10.50	10.50
232.00	0.00	10.82	10.82
233.00	0.00	10.89	10.89
234.00	0.00	11.16	11.16
235.00	0.00	11.38	11.38
236.00	0.00	11.99	11.99
237.00	0.00	12.42	12.42
238.00	0.00	12.73	12.73
239.00	0.00	13.04	13.04
240.00	0.00	13.19	13.19
241.00	0.00	13.23	13.23
242.00	0.00	13.19	13.19
243.00	0.00	13.13	13.13
244.00	0.00	13.06	13.06
245.00	0.00	12.90	12.90
246.00	0.00	12.69	12.69
247.00	0.00	12.34	12.34
248.00	0.00	12.14	12.14
249.00	0.00	11.80	11.80
250.00	0.00	11.66	11.66
251.00	0.00	12.34	12.34
252.00	0.00	12.88	12.88
253.00	0.00	12.99	12.99
254.00	0.00	12.63	12.63
255.00	0.00	12.37	12.37
256.00	0.00	12.16	12.16
257.00	0.00	11.80	11.80
258.00	0.00	11.36	11.36
259.00	0.00	11.52	11.52
260.00	0.00	11.63	11.63
261.00	0.00	11.02	11.02
262.00	0.00	10.63	10.63
263.00	0.00	10.43	10.43
264.00	0.00	10.12	10.12
265.00	0.00	11.05	11.05
266.00	0.00	11.67	11.67
267.00	0.00	12.46	12.46
268.00	0.00	12.87	12.87
269.00	0.00	12.47	12.47
270.00	0.00	11.97	11.97
271.00	0.00	11.59	11.59
272.00	0.00	11.39	11.39
273.00	0.00	11.17	11.17
274.00	0.00	10.86	10.86
275.00	0.00	10.61	10.61
276.00	0.00	10.25	10.25
277.00	0.00	9.76	9.76
278.00	0.00	9.17	9.17
279.00	0.00	9.44	9.44
280.00	0.00	9.76	9.76
281.00	0.00	9.72	9.72
282.00	0.00	8.86	8.86
283.00	0.00	8.49	8.49
284.00	0.00	7.65	7.65
285.00	0.00	7.52	7.52
286.00	0.00	8.15	8.15
287.00	0.00	9.01	9.01
288.00	0.00	9.68	9.68
289.00	0.00	9.96	9.96
290.00	0.00	10.42	10.42
291.00	0.00	10.43	10.43
292.00	0.00	10.23	10.23
293.00	2.58	9.94	9.94
294.00	4.04	10.64	10.64
295.00	5.56	10.28	10.28
296.00	4.88	9.98	9.98
297.00	6.18	9.90	9.90
298.00	7.64	10.39	10.39
299.00	8.84	11.31	11.31
300.00	9.31	11.70	11.70
301.00	10.75	11.80	11.80
302.00	12.36	13.23	13.23
303.00	14.26	13.09	14.26
304.00	16.16	15.54	16.16
305.00	17.38	15.80	17.38
306.00	18.84	19.38	19.38
307.00	19.74	20.04	20.04
308.00	20.96	19.80	20.96
309.00	21.39	19.55	21.39
310.00	22.58	23.73	23.73
311.00	23.59	23.42	23.59
312.00	23.79	23.10	23.79
313.00	24.85	22.78	24.85
314.00	24.96	25.07	25.07
315.00	25.48	24.70	25.48
316.00	26.24	25.07	26.24
317.00	26.74	25.81	26.74
318.00	26.92	26.17	26.92
319.00	27.07	26.52	27.07
320.00	27.87	26.86	27.87
321.00	29.83	27.76	29.83
322.00	29.10	28.08	29.10
323.00	30.00	28.40	30.00
324.00	31.14	29.43	31.14
325.00	31.89	29.77	31.89
326.00	32.82	30.11	32.82
327.00	32.69	30.40	32.69
328.00	34.55	33.12	34.55
329.00	34.75	33.40	34.75
330.00	35.85	34.50	35.85
331.00	36.35	34.76	36.35
332.00	36.56	35.02	36.56
333.00	37.54	35.26	37.54
334.00	38.33	36.76	38.33
335.00	38.72	36.98	38.72
336.00	40.52	37.20	40.52
337.00	40.74	37.93	40.74
338.00	42.13	39.46	42.13
339.00	44.03	39.65	44.03
340.00	44.19	39.83	44.19
341.00	44.89	40.40	44.89
342.00	45.87	40.56	45.87
343.00	46.02	40.72	46.02
344.00	45.15	43.51	45.15
345.00	48.27	43.65	48.27
346.00	48.40	46.72	48.40
347.00	46.93	46.84	46.93
348.00	47.04	46.95	47.04
349.00	47.79	47.05	47.79
350.00	47.86	47.14	47.86
351.00	48.14	47.23	48.14
352.00	49.94	47.30	49.94
353.00	50.00	49.97	50.00
354.00	52.34	50.02	52.34
355.00	51.42	50.07	51.42
356.00	61.87	50.11	61.87
357.00	61.89	50.14	61.89
358.00	61.91	50.16	61.91
359.00	61.92	50.17	61.92
